0	1	242	243	244	245	246	219	247	220	384	387	221	385	388	222	389	386	223	224	225	248	249	250	2	3	4	154	162	159	155	166	160	156	163	167	161	168	164	165	260	252	253	261	311	254	255	475	76	312	352	353	354	355	356	357	
12	194	195	196	197	198	199	124	125	126	127	128	426	427	428	429	13	14	413	414	54	415	21	22	23	334	315	316	185	317	186	318	319	187	320	321	322	411	323	324	87	92	88	93	89	90	91	
234	226	235	227	236	228	237	229	230	231	390	238	239	232	240	233	241	412	396	397	19	20	11	364	365	41	42	217	169	170	171	306	307	308	218	157	158	309	310	288	5	70	80	71	82	345	83	346	358	347	359	84	348	85	360	86	349	361	94	350	362	95	351	363	96	72	81	69	
141	142	143	144	112	113	114	115	116	117	121	122	482	129	123	65	375	378	66	441	376	456	442	256	257	258	259	56	57	344	418	58	476	477	313	314	
266	270	267	271	484	485	486	487	488	268	489	269	501	430	431	432	294	437	295	372	438	439	457	458	373	379	374	459	401	460	380	53	
131	132	133	134	497	498	499	402	500	391	392	403	393	394	48	286	49	370	371	287	451	452	299	300	301	302	453	471	472	303	304	454	473	338	305	39	339	40	340	
9	200	201	202	203	188	204	189	190	205	191	206	192	207	193	10	27	28	29	30	34	31	35	182	36	177	183	37	184	38	178	251	264	325	326	327	328	335	329	336	330	337	210	52	73	74	75	97	98	99	100	101	102	103	
273	104	138	139	105	106	272	140	277	278	404	279	405	280	213	50	423	214	341	265	443	424	46	444	289	47	445	425	
136	137	490	478	491	479	274	480	492	275	481	406	407	493	276	408	409	398	399	410	381	400	446	382	55	179	180	447	181	448	449	67	342	377	450	343	68	32	33	455	
135	494	495	483	130	496	61	416	62	263	417	51	296	63	464	440	64	297	465	298	
6	146	7	147	148	8	149	150	118	281	119	282	120	290	433	283	284	291	419	434	292	285	420	435	293	421	59	60	436	422	172	173	208	43	44	45	466	174	209	474	175	467	176	468	469	262	470	331	211	332	333	77	78	212	79	
151	152	153	107	108	109	110	145	111	15	16	17	395	18	366	461	367	462	368	463	24	25	369	215	383	26	216	
